{
 "cells": [
  {
   "cell_type": "code",
   "execution_count": 1,
   "metadata": {},
   "outputs": [],
   "source": [
    "import pandas as pd\n",
    "import seaborn as sns\n",
    "import matplotlib.pyplot as plt"
   ]
  },
  {
   "cell_type": "code",
   "execution_count": 20,
   "metadata": {},
   "outputs": [
    {
     "data": {
      "text/html": [
       "<div>\n",
       "<style scoped>\n",
       "    .dataframe tbody tr th:only-of-type {\n",
       "        vertical-align: middle;\n",
       "    }\n",
       "\n",
       "    .dataframe tbody tr th {\n",
       "        vertical-align: top;\n",
       "    }\n",
       "\n",
       "    .dataframe thead th {\n",
       "        text-align: right;\n",
       "    }\n",
       "</style>\n",
       "<table border=\"1\" class=\"dataframe\">\n",
       "  <thead>\n",
       "    <tr style=\"text-align: right;\">\n",
       "      <th></th>\n",
       "      <th>mo_real_1</th>\n",
       "      <th>mo_real_2</th>\n",
       "      <th>mo_real_3</th>\n",
       "      <th>mo_sim_1</th>\n",
       "      <th>mo_sim_2</th>\n",
       "      <th>mo_sim_3</th>\n",
       "      <th>mo_sim_mean_sd_1</th>\n",
       "      <th>mo_sim_mean_sd_2</th>\n",
       "      <th>mo_sim_mean_sd_3</th>\n",
       "      <th>real_1</th>\n",
       "      <th>real_2</th>\n",
       "      <th>real_3</th>\n",
       "      <th>sim_1</th>\n",
       "      <th>sim_2</th>\n",
       "      <th>sim_3</th>\n",
       "      <th>sim_mean_sd_1</th>\n",
       "      <th>sim_mean_sd_2</th>\n",
       "      <th>sim_mean_sd_3</th>\n",
       "    </tr>\n",
       "  </thead>\n",
       "  <tbody>\n",
       "    <tr>\n",
       "      <th>mo_real_1</th>\n",
       "      <td>1.000000</td>\n",
       "      <td>0.854634</td>\n",
       "      <td>0.877124</td>\n",
       "      <td>0.695818</td>\n",
       "      <td>0.645092</td>\n",
       "      <td>0.662688</td>\n",
       "      <td>0.767352</td>\n",
       "      <td>0.756341</td>\n",
       "      <td>0.763319</td>\n",
       "      <td>0.762321</td>\n",
       "      <td>0.673810</td>\n",
       "      <td>0.685727</td>\n",
       "      <td>0.682190</td>\n",
       "      <td>0.635244</td>\n",
       "      <td>0.646987</td>\n",
       "      <td>0.726823</td>\n",
       "      <td>0.727978</td>\n",
       "      <td>0.726375</td>\n",
       "    </tr>\n",
       "    <tr>\n",
       "      <th>mo_real_2</th>\n",
       "      <td>0.854634</td>\n",
       "      <td>1.000000</td>\n",
       "      <td>0.951198</td>\n",
       "      <td>0.694967</td>\n",
       "      <td>0.667480</td>\n",
       "      <td>0.678763</td>\n",
       "      <td>0.767745</td>\n",
       "      <td>0.748067</td>\n",
       "      <td>0.759117</td>\n",
       "      <td>0.701457</td>\n",
       "      <td>0.681398</td>\n",
       "      <td>0.669313</td>\n",
       "      <td>0.704151</td>\n",
       "      <td>0.662139</td>\n",
       "      <td>0.673247</td>\n",
       "      <td>0.740268</td>\n",
       "      <td>0.725032</td>\n",
       "      <td>0.733428</td>\n",
       "    </tr>\n",
       "    <tr>\n",
       "      <th>mo_real_3</th>\n",
       "      <td>0.877124</td>\n",
       "      <td>0.951198</td>\n",
       "      <td>1.000000</td>\n",
       "      <td>0.689240</td>\n",
       "      <td>0.653194</td>\n",
       "      <td>0.675200</td>\n",
       "      <td>0.767942</td>\n",
       "      <td>0.749182</td>\n",
       "      <td>0.760637</td>\n",
       "      <td>0.710145</td>\n",
       "      <td>0.676762</td>\n",
       "      <td>0.691449</td>\n",
       "      <td>0.693980</td>\n",
       "      <td>0.647496</td>\n",
       "      <td>0.667485</td>\n",
       "      <td>0.737389</td>\n",
       "      <td>0.725104</td>\n",
       "      <td>0.732533</td>\n",
       "    </tr>\n",
       "    <tr>\n",
       "      <th>mo_sim_1</th>\n",
       "      <td>0.695818</td>\n",
       "      <td>0.694967</td>\n",
       "      <td>0.689240</td>\n",
       "      <td>1.000000</td>\n",
       "      <td>0.968301</td>\n",
       "      <td>0.978793</td>\n",
       "      <td>0.899838</td>\n",
       "      <td>0.903984</td>\n",
       "      <td>0.902533</td>\n",
       "      <td>0.531435</td>\n",
       "      <td>0.482558</td>\n",
       "      <td>0.475675</td>\n",
       "      <td>0.924587</td>\n",
       "      <td>0.934145</td>\n",
       "      <td>0.922331</td>\n",
       "      <td>0.830207</td>\n",
       "      <td>0.860379</td>\n",
       "      <td>0.839348</td>\n",
       "    </tr>\n",
       "    <tr>\n",
       "      <th>mo_sim_2</th>\n",
       "      <td>0.645092</td>\n",
       "      <td>0.667480</td>\n",
       "      <td>0.653194</td>\n",
       "      <td>0.968301</td>\n",
       "      <td>1.000000</td>\n",
       "      <td>0.986158</td>\n",
       "      <td>0.830876</td>\n",
       "      <td>0.835895</td>\n",
       "      <td>0.833010</td>\n",
       "      <td>0.491018</td>\n",
       "      <td>0.444258</td>\n",
       "      <td>0.437734</td>\n",
       "      <td>0.887574</td>\n",
       "      <td>0.960637</td>\n",
       "      <td>0.923817</td>\n",
       "      <td>0.764001</td>\n",
       "      <td>0.792888</td>\n",
       "      <td>0.771885</td>\n",
       "    </tr>\n",
       "    <tr>\n",
       "      <th>mo_sim_3</th>\n",
       "      <td>0.662688</td>\n",
       "      <td>0.678763</td>\n",
       "      <td>0.675200</td>\n",
       "      <td>0.978793</td>\n",
       "      <td>0.986158</td>\n",
       "      <td>1.000000</td>\n",
       "      <td>0.855873</td>\n",
       "      <td>0.859651</td>\n",
       "      <td>0.858445</td>\n",
       "      <td>0.510401</td>\n",
       "      <td>0.465869</td>\n",
       "      <td>0.459667</td>\n",
       "      <td>0.904899</td>\n",
       "      <td>0.950593</td>\n",
       "      <td>0.941354</td>\n",
       "      <td>0.790967</td>\n",
       "      <td>0.817794</td>\n",
       "      <td>0.798547</td>\n",
       "    </tr>\n",
       "    <tr>\n",
       "      <th>mo_sim_mean_sd_1</th>\n",
       "      <td>0.767352</td>\n",
       "      <td>0.767745</td>\n",
       "      <td>0.767942</td>\n",
       "      <td>0.899838</td>\n",
       "      <td>0.830876</td>\n",
       "      <td>0.855873</td>\n",
       "      <td>1.000000</td>\n",
       "      <td>0.994518</td>\n",
       "      <td>0.997329</td>\n",
       "      <td>0.603450</td>\n",
       "      <td>0.554909</td>\n",
       "      <td>0.548215</td>\n",
       "      <td>0.856970</td>\n",
       "      <td>0.809829</td>\n",
       "      <td>0.820766</td>\n",
       "      <td>0.931703</td>\n",
       "      <td>0.950263</td>\n",
       "      <td>0.935981</td>\n",
       "    </tr>\n",
       "    <tr>\n",
       "      <th>mo_sim_mean_sd_2</th>\n",
       "      <td>0.756341</td>\n",
       "      <td>0.748067</td>\n",
       "      <td>0.749182</td>\n",
       "      <td>0.903984</td>\n",
       "      <td>0.835895</td>\n",
       "      <td>0.859651</td>\n",
       "      <td>0.994518</td>\n",
       "      <td>1.000000</td>\n",
       "      <td>0.997273</td>\n",
       "      <td>0.579771</td>\n",
       "      <td>0.527465</td>\n",
       "      <td>0.520760</td>\n",
       "      <td>0.846715</td>\n",
       "      <td>0.811706</td>\n",
       "      <td>0.818909</td>\n",
       "      <td>0.921016</td>\n",
       "      <td>0.953006</td>\n",
       "      <td>0.929313</td>\n",
       "    </tr>\n",
       "    <tr>\n",
       "      <th>mo_sim_mean_sd_3</th>\n",
       "      <td>0.763319</td>\n",
       "      <td>0.759117</td>\n",
       "      <td>0.760637</td>\n",
       "      <td>0.902533</td>\n",
       "      <td>0.833010</td>\n",
       "      <td>0.858445</td>\n",
       "      <td>0.997329</td>\n",
       "      <td>0.997273</td>\n",
       "      <td>1.000000</td>\n",
       "      <td>0.593222</td>\n",
       "      <td>0.543062</td>\n",
       "      <td>0.536554</td>\n",
       "      <td>0.852919</td>\n",
       "      <td>0.810784</td>\n",
       "      <td>0.821016</td>\n",
       "      <td>0.927356</td>\n",
       "      <td>0.952237</td>\n",
       "      <td>0.936118</td>\n",
       "    </tr>\n",
       "    <tr>\n",
       "      <th>real_1</th>\n",
       "      <td>0.762321</td>\n",
       "      <td>0.701457</td>\n",
       "      <td>0.710145</td>\n",
       "      <td>0.531435</td>\n",
       "      <td>0.491018</td>\n",
       "      <td>0.510401</td>\n",
       "      <td>0.603450</td>\n",
       "      <td>0.579771</td>\n",
       "      <td>0.593222</td>\n",
       "      <td>1.000000</td>\n",
       "      <td>0.974393</td>\n",
       "      <td>0.974127</td>\n",
       "      <td>0.657238</td>\n",
       "      <td>0.559364</td>\n",
       "      <td>0.600690</td>\n",
       "      <td>0.711539</td>\n",
       "      <td>0.640895</td>\n",
       "      <td>0.698621</td>\n",
       "    </tr>\n",
       "    <tr>\n",
       "      <th>real_2</th>\n",
       "      <td>0.673810</td>\n",
       "      <td>0.681398</td>\n",
       "      <td>0.676762</td>\n",
       "      <td>0.482558</td>\n",
       "      <td>0.444258</td>\n",
       "      <td>0.465869</td>\n",
       "      <td>0.554909</td>\n",
       "      <td>0.527465</td>\n",
       "      <td>0.543062</td>\n",
       "      <td>0.974393</td>\n",
       "      <td>1.000000</td>\n",
       "      <td>0.990238</td>\n",
       "      <td>0.622067</td>\n",
       "      <td>0.514402</td>\n",
       "      <td>0.563398</td>\n",
       "      <td>0.673531</td>\n",
       "      <td>0.590447</td>\n",
       "      <td>0.657658</td>\n",
       "    </tr>\n",
       "    <tr>\n",
       "      <th>real_3</th>\n",
       "      <td>0.685727</td>\n",
       "      <td>0.669313</td>\n",
       "      <td>0.691449</td>\n",
       "      <td>0.475675</td>\n",
       "      <td>0.437734</td>\n",
       "      <td>0.459667</td>\n",
       "      <td>0.548215</td>\n",
       "      <td>0.520760</td>\n",
       "      <td>0.536554</td>\n",
       "      <td>0.974127</td>\n",
       "      <td>0.990238</td>\n",
       "      <td>1.000000</td>\n",
       "      <td>0.611241</td>\n",
       "      <td>0.506396</td>\n",
       "      <td>0.554571</td>\n",
       "      <td>0.663455</td>\n",
       "      <td>0.581486</td>\n",
       "      <td>0.647791</td>\n",
       "    </tr>\n",
       "    <tr>\n",
       "      <th>sim_1</th>\n",
       "      <td>0.682190</td>\n",
       "      <td>0.704151</td>\n",
       "      <td>0.693980</td>\n",
       "      <td>0.924587</td>\n",
       "      <td>0.887574</td>\n",
       "      <td>0.904899</td>\n",
       "      <td>0.856970</td>\n",
       "      <td>0.846715</td>\n",
       "      <td>0.852919</td>\n",
       "      <td>0.657238</td>\n",
       "      <td>0.622067</td>\n",
       "      <td>0.611241</td>\n",
       "      <td>1.000000</td>\n",
       "      <td>0.934193</td>\n",
       "      <td>0.964260</td>\n",
       "      <td>0.903680</td>\n",
       "      <td>0.889769</td>\n",
       "      <td>0.900737</td>\n",
       "    </tr>\n",
       "    <tr>\n",
       "      <th>sim_2</th>\n",
       "      <td>0.635244</td>\n",
       "      <td>0.662139</td>\n",
       "      <td>0.647496</td>\n",
       "      <td>0.934145</td>\n",
       "      <td>0.960637</td>\n",
       "      <td>0.950593</td>\n",
       "      <td>0.809829</td>\n",
       "      <td>0.811706</td>\n",
       "      <td>0.810784</td>\n",
       "      <td>0.559364</td>\n",
       "      <td>0.514402</td>\n",
       "      <td>0.506396</td>\n",
       "      <td>0.934193</td>\n",
       "      <td>1.000000</td>\n",
       "      <td>0.964895</td>\n",
       "      <td>0.817239</td>\n",
       "      <td>0.835656</td>\n",
       "      <td>0.822740</td>\n",
       "    </tr>\n",
       "    <tr>\n",
       "      <th>sim_3</th>\n",
       "      <td>0.646987</td>\n",
       "      <td>0.673247</td>\n",
       "      <td>0.667485</td>\n",
       "      <td>0.922331</td>\n",
       "      <td>0.923817</td>\n",
       "      <td>0.941354</td>\n",
       "      <td>0.820766</td>\n",
       "      <td>0.818909</td>\n",
       "      <td>0.821016</td>\n",
       "      <td>0.600690</td>\n",
       "      <td>0.563398</td>\n",
       "      <td>0.554571</td>\n",
       "      <td>0.964260</td>\n",
       "      <td>0.964895</td>\n",
       "      <td>1.000000</td>\n",
       "      <td>0.856642</td>\n",
       "      <td>0.853869</td>\n",
       "      <td>0.856892</td>\n",
       "    </tr>\n",
       "    <tr>\n",
       "      <th>sim_mean_sd_1</th>\n",
       "      <td>0.726823</td>\n",
       "      <td>0.740268</td>\n",
       "      <td>0.737389</td>\n",
       "      <td>0.830207</td>\n",
       "      <td>0.764001</td>\n",
       "      <td>0.790967</td>\n",
       "      <td>0.931703</td>\n",
       "      <td>0.921016</td>\n",
       "      <td>0.927356</td>\n",
       "      <td>0.711539</td>\n",
       "      <td>0.673531</td>\n",
       "      <td>0.663455</td>\n",
       "      <td>0.903680</td>\n",
       "      <td>0.817239</td>\n",
       "      <td>0.856642</td>\n",
       "      <td>1.000000</td>\n",
       "      <td>0.976117</td>\n",
       "      <td>0.987569</td>\n",
       "    </tr>\n",
       "    <tr>\n",
       "      <th>sim_mean_sd_2</th>\n",
       "      <td>0.727978</td>\n",
       "      <td>0.725032</td>\n",
       "      <td>0.725104</td>\n",
       "      <td>0.860379</td>\n",
       "      <td>0.792888</td>\n",
       "      <td>0.817794</td>\n",
       "      <td>0.950263</td>\n",
       "      <td>0.953006</td>\n",
       "      <td>0.952237</td>\n",
       "      <td>0.640895</td>\n",
       "      <td>0.590447</td>\n",
       "      <td>0.581486</td>\n",
       "      <td>0.889769</td>\n",
       "      <td>0.835656</td>\n",
       "      <td>0.853869</td>\n",
       "      <td>0.976117</td>\n",
       "      <td>1.000000</td>\n",
       "      <td>0.983326</td>\n",
       "    </tr>\n",
       "    <tr>\n",
       "      <th>sim_mean_sd_3</th>\n",
       "      <td>0.726375</td>\n",
       "      <td>0.733428</td>\n",
       "      <td>0.732533</td>\n",
       "      <td>0.839348</td>\n",
       "      <td>0.771885</td>\n",
       "      <td>0.798547</td>\n",
       "      <td>0.935981</td>\n",
       "      <td>0.929313</td>\n",
       "      <td>0.936118</td>\n",
       "      <td>0.698621</td>\n",
       "      <td>0.657658</td>\n",
       "      <td>0.647791</td>\n",
       "      <td>0.900737</td>\n",
       "      <td>0.822740</td>\n",
       "      <td>0.856892</td>\n",
       "      <td>0.987569</td>\n",
       "      <td>0.983326</td>\n",
       "      <td>1.000000</td>\n",
       "    </tr>\n",
       "  </tbody>\n",
       "</table>\n",
       "</div>"
      ],
      "text/plain": [
       "                  mo_real_1  mo_real_2  mo_real_3  mo_sim_1  mo_sim_2  \\\n",
       "mo_real_1          1.000000   0.854634   0.877124  0.695818  0.645092   \n",
       "mo_real_2          0.854634   1.000000   0.951198  0.694967  0.667480   \n",
       "mo_real_3          0.877124   0.951198   1.000000  0.689240  0.653194   \n",
       "mo_sim_1           0.695818   0.694967   0.689240  1.000000  0.968301   \n",
       "mo_sim_2           0.645092   0.667480   0.653194  0.968301  1.000000   \n",
       "mo_sim_3           0.662688   0.678763   0.675200  0.978793  0.986158   \n",
       "mo_sim_mean_sd_1   0.767352   0.767745   0.767942  0.899838  0.830876   \n",
       "mo_sim_mean_sd_2   0.756341   0.748067   0.749182  0.903984  0.835895   \n",
       "mo_sim_mean_sd_3   0.763319   0.759117   0.760637  0.902533  0.833010   \n",
       "real_1             0.762321   0.701457   0.710145  0.531435  0.491018   \n",
       "real_2             0.673810   0.681398   0.676762  0.482558  0.444258   \n",
       "real_3             0.685727   0.669313   0.691449  0.475675  0.437734   \n",
       "sim_1              0.682190   0.704151   0.693980  0.924587  0.887574   \n",
       "sim_2              0.635244   0.662139   0.647496  0.934145  0.960637   \n",
       "sim_3              0.646987   0.673247   0.667485  0.922331  0.923817   \n",
       "sim_mean_sd_1      0.726823   0.740268   0.737389  0.830207  0.764001   \n",
       "sim_mean_sd_2      0.727978   0.725032   0.725104  0.860379  0.792888   \n",
       "sim_mean_sd_3      0.726375   0.733428   0.732533  0.839348  0.771885   \n",
       "\n",
       "                  mo_sim_3  mo_sim_mean_sd_1  mo_sim_mean_sd_2  \\\n",
       "mo_real_1         0.662688          0.767352          0.756341   \n",
       "mo_real_2         0.678763          0.767745          0.748067   \n",
       "mo_real_3         0.675200          0.767942          0.749182   \n",
       "mo_sim_1          0.978793          0.899838          0.903984   \n",
       "mo_sim_2          0.986158          0.830876          0.835895   \n",
       "mo_sim_3          1.000000          0.855873          0.859651   \n",
       "mo_sim_mean_sd_1  0.855873          1.000000          0.994518   \n",
       "mo_sim_mean_sd_2  0.859651          0.994518          1.000000   \n",
       "mo_sim_mean_sd_3  0.858445          0.997329          0.997273   \n",
       "real_1            0.510401          0.603450          0.579771   \n",
       "real_2            0.465869          0.554909          0.527465   \n",
       "real_3            0.459667          0.548215          0.520760   \n",
       "sim_1             0.904899          0.856970          0.846715   \n",
       "sim_2             0.950593          0.809829          0.811706   \n",
       "sim_3             0.941354          0.820766          0.818909   \n",
       "sim_mean_sd_1     0.790967          0.931703          0.921016   \n",
       "sim_mean_sd_2     0.817794          0.950263          0.953006   \n",
       "sim_mean_sd_3     0.798547          0.935981          0.929313   \n",
       "\n",
       "                  mo_sim_mean_sd_3    real_1    real_2    real_3     sim_1  \\\n",
       "mo_real_1                 0.763319  0.762321  0.673810  0.685727  0.682190   \n",
       "mo_real_2                 0.759117  0.701457  0.681398  0.669313  0.704151   \n",
       "mo_real_3                 0.760637  0.710145  0.676762  0.691449  0.693980   \n",
       "mo_sim_1                  0.902533  0.531435  0.482558  0.475675  0.924587   \n",
       "mo_sim_2                  0.833010  0.491018  0.444258  0.437734  0.887574   \n",
       "mo_sim_3                  0.858445  0.510401  0.465869  0.459667  0.904899   \n",
       "mo_sim_mean_sd_1          0.997329  0.603450  0.554909  0.548215  0.856970   \n",
       "mo_sim_mean_sd_2          0.997273  0.579771  0.527465  0.520760  0.846715   \n",
       "mo_sim_mean_sd_3          1.000000  0.593222  0.543062  0.536554  0.852919   \n",
       "real_1                    0.593222  1.000000  0.974393  0.974127  0.657238   \n",
       "real_2                    0.543062  0.974393  1.000000  0.990238  0.622067   \n",
       "real_3                    0.536554  0.974127  0.990238  1.000000  0.611241   \n",
       "sim_1                     0.852919  0.657238  0.622067  0.611241  1.000000   \n",
       "sim_2                     0.810784  0.559364  0.514402  0.506396  0.934193   \n",
       "sim_3                     0.821016  0.600690  0.563398  0.554571  0.964260   \n",
       "sim_mean_sd_1             0.927356  0.711539  0.673531  0.663455  0.903680   \n",
       "sim_mean_sd_2             0.952237  0.640895  0.590447  0.581486  0.889769   \n",
       "sim_mean_sd_3             0.936118  0.698621  0.657658  0.647791  0.900737   \n",
       "\n",
       "                     sim_2     sim_3  sim_mean_sd_1  sim_mean_sd_2  \\\n",
       "mo_real_1         0.635244  0.646987       0.726823       0.727978   \n",
       "mo_real_2         0.662139  0.673247       0.740268       0.725032   \n",
       "mo_real_3         0.647496  0.667485       0.737389       0.725104   \n",
       "mo_sim_1          0.934145  0.922331       0.830207       0.860379   \n",
       "mo_sim_2          0.960637  0.923817       0.764001       0.792888   \n",
       "mo_sim_3          0.950593  0.941354       0.790967       0.817794   \n",
       "mo_sim_mean_sd_1  0.809829  0.820766       0.931703       0.950263   \n",
       "mo_sim_mean_sd_2  0.811706  0.818909       0.921016       0.953006   \n",
       "mo_sim_mean_sd_3  0.810784  0.821016       0.927356       0.952237   \n",
       "real_1            0.559364  0.600690       0.711539       0.640895   \n",
       "real_2            0.514402  0.563398       0.673531       0.590447   \n",
       "real_3            0.506396  0.554571       0.663455       0.581486   \n",
       "sim_1             0.934193  0.964260       0.903680       0.889769   \n",
       "sim_2             1.000000  0.964895       0.817239       0.835656   \n",
       "sim_3             0.964895  1.000000       0.856642       0.853869   \n",
       "sim_mean_sd_1     0.817239  0.856642       1.000000       0.976117   \n",
       "sim_mean_sd_2     0.835656  0.853869       0.976117       1.000000   \n",
       "sim_mean_sd_3     0.822740  0.856892       0.987569       0.983326   \n",
       "\n",
       "                  sim_mean_sd_3  \n",
       "mo_real_1              0.726375  \n",
       "mo_real_2              0.733428  \n",
       "mo_real_3              0.732533  \n",
       "mo_sim_1               0.839348  \n",
       "mo_sim_2               0.771885  \n",
       "mo_sim_3               0.798547  \n",
       "mo_sim_mean_sd_1       0.935981  \n",
       "mo_sim_mean_sd_2       0.929313  \n",
       "mo_sim_mean_sd_3       0.936118  \n",
       "real_1                 0.698621  \n",
       "real_2                 0.657658  \n",
       "real_3                 0.647791  \n",
       "sim_1                  0.900737  \n",
       "sim_2                  0.822740  \n",
       "sim_3                  0.856892  \n",
       "sim_mean_sd_1          0.987569  \n",
       "sim_mean_sd_2          0.983326  \n",
       "sim_mean_sd_3          1.000000  "
      ]
     },
     "execution_count": 20,
     "metadata": {},
     "output_type": "execute_result"
    }
   ],
   "source": [
    "df_pear = pd.read_csv('pearson_corr.csv', index_col=0)\n",
    "df_pear"
   ]
  },
  {
   "cell_type": "code",
   "execution_count": 21,
   "metadata": {},
   "outputs": [
    {
     "data": {
      "text/html": [
       "<div>\n",
       "<style scoped>\n",
       "    .dataframe tbody tr th:only-of-type {\n",
       "        vertical-align: middle;\n",
       "    }\n",
       "\n",
       "    .dataframe tbody tr th {\n",
       "        vertical-align: top;\n",
       "    }\n",
       "\n",
       "    .dataframe thead th {\n",
       "        text-align: right;\n",
       "    }\n",
       "</style>\n",
       "<table border=\"1\" class=\"dataframe\">\n",
       "  <thead>\n",
       "    <tr style=\"text-align: right;\">\n",
       "      <th></th>\n",
       "      <th>mo_real_1</th>\n",
       "      <th>mo_real_2</th>\n",
       "      <th>mo_real_3</th>\n",
       "      <th>mo_sim_1</th>\n",
       "      <th>mo_sim_2</th>\n",
       "      <th>mo_sim_3</th>\n",
       "      <th>mo_sim_mean_sd_1</th>\n",
       "      <th>mo_sim_mean_sd_2</th>\n",
       "      <th>mo_sim_mean_sd_3</th>\n",
       "      <th>real_1</th>\n",
       "      <th>real_2</th>\n",
       "      <th>real_3</th>\n",
       "      <th>sim_1</th>\n",
       "      <th>sim_2</th>\n",
       "      <th>sim_3</th>\n",
       "      <th>sim_mean_sd_1</th>\n",
       "      <th>sim_mean_sd_2</th>\n",
       "      <th>sim_mean_sd_3</th>\n",
       "    </tr>\n",
       "  </thead>\n",
       "  <tbody>\n",
       "    <tr>\n",
       "      <th>mo_real_1</th>\n",
       "      <td>1.000000</td>\n",
       "      <td>0.930054</td>\n",
       "      <td>0.950578</td>\n",
       "      <td>0.793921</td>\n",
       "      <td>0.793977</td>\n",
       "      <td>0.803809</td>\n",
       "      <td>0.771537</td>\n",
       "      <td>0.775050</td>\n",
       "      <td>0.778587</td>\n",
       "      <td>0.872509</td>\n",
       "      <td>0.797341</td>\n",
       "      <td>0.852174</td>\n",
       "      <td>0.774950</td>\n",
       "      <td>0.777636</td>\n",
       "      <td>0.785605</td>\n",
       "      <td>0.751883</td>\n",
       "      <td>0.758676</td>\n",
       "      <td>0.759676</td>\n",
       "    </tr>\n",
       "    <tr>\n",
       "      <th>mo_real_2</th>\n",
       "      <td>0.930054</td>\n",
       "      <td>1.000000</td>\n",
       "      <td>0.941328</td>\n",
       "      <td>0.781438</td>\n",
       "      <td>0.783465</td>\n",
       "      <td>0.792197</td>\n",
       "      <td>0.755444</td>\n",
       "      <td>0.759589</td>\n",
       "      <td>0.762226</td>\n",
       "      <td>0.818700</td>\n",
       "      <td>0.812197</td>\n",
       "      <td>0.826401</td>\n",
       "      <td>0.762840</td>\n",
       "      <td>0.767414</td>\n",
       "      <td>0.774280</td>\n",
       "      <td>0.736292</td>\n",
       "      <td>0.743433</td>\n",
       "      <td>0.743739</td>\n",
       "    </tr>\n",
       "    <tr>\n",
       "      <th>mo_real_3</th>\n",
       "      <td>0.950578</td>\n",
       "      <td>0.941328</td>\n",
       "      <td>1.000000</td>\n",
       "      <td>0.783213</td>\n",
       "      <td>0.784505</td>\n",
       "      <td>0.794527</td>\n",
       "      <td>0.760832</td>\n",
       "      <td>0.764598</td>\n",
       "      <td>0.767809</td>\n",
       "      <td>0.834367</td>\n",
       "      <td>0.788982</td>\n",
       "      <td>0.868755</td>\n",
       "      <td>0.764621</td>\n",
       "      <td>0.768512</td>\n",
       "      <td>0.776543</td>\n",
       "      <td>0.741442</td>\n",
       "      <td>0.748361</td>\n",
       "      <td>0.749129</td>\n",
       "    </tr>\n",
       "    <tr>\n",
       "      <th>mo_sim_1</th>\n",
       "      <td>0.793921</td>\n",
       "      <td>0.781438</td>\n",
       "      <td>0.783213</td>\n",
       "      <td>1.000000</td>\n",
       "      <td>0.978059</td>\n",
       "      <td>0.975367</td>\n",
       "      <td>0.940379</td>\n",
       "      <td>0.944149</td>\n",
       "      <td>0.940275</td>\n",
       "      <td>0.702858</td>\n",
       "      <td>0.676737</td>\n",
       "      <td>0.708056</td>\n",
       "      <td>0.975141</td>\n",
       "      <td>0.958840</td>\n",
       "      <td>0.954053</td>\n",
       "      <td>0.917414</td>\n",
       "      <td>0.925230</td>\n",
       "      <td>0.918626</td>\n",
       "    </tr>\n",
       "    <tr>\n",
       "      <th>mo_sim_2</th>\n",
       "      <td>0.793977</td>\n",
       "      <td>0.783465</td>\n",
       "      <td>0.784505</td>\n",
       "      <td>0.978059</td>\n",
       "      <td>1.000000</td>\n",
       "      <td>0.974866</td>\n",
       "      <td>0.933169</td>\n",
       "      <td>0.936384</td>\n",
       "      <td>0.930498</td>\n",
       "      <td>0.703588</td>\n",
       "      <td>0.678042</td>\n",
       "      <td>0.709621</td>\n",
       "      <td>0.955811</td>\n",
       "      <td>0.978573</td>\n",
       "      <td>0.953713</td>\n",
       "      <td>0.910395</td>\n",
       "      <td>0.917628</td>\n",
       "      <td>0.909006</td>\n",
       "    </tr>\n",
       "    <tr>\n",
       "      <th>mo_sim_3</th>\n",
       "      <td>0.803809</td>\n",
       "      <td>0.792197</td>\n",
       "      <td>0.794527</td>\n",
       "      <td>0.975367</td>\n",
       "      <td>0.974866</td>\n",
       "      <td>1.000000</td>\n",
       "      <td>0.930142</td>\n",
       "      <td>0.933246</td>\n",
       "      <td>0.930720</td>\n",
       "      <td>0.711965</td>\n",
       "      <td>0.685585</td>\n",
       "      <td>0.717933</td>\n",
       "      <td>0.952890</td>\n",
       "      <td>0.955405</td>\n",
       "      <td>0.976481</td>\n",
       "      <td>0.907079</td>\n",
       "      <td>0.914256</td>\n",
       "      <td>0.909019</td>\n",
       "    </tr>\n",
       "    <tr>\n",
       "      <th>mo_sim_mean_sd_1</th>\n",
       "      <td>0.771537</td>\n",
       "      <td>0.755444</td>\n",
       "      <td>0.760832</td>\n",
       "      <td>0.940379</td>\n",
       "      <td>0.933169</td>\n",
       "      <td>0.930142</td>\n",
       "      <td>1.000000</td>\n",
       "      <td>0.992965</td>\n",
       "      <td>0.986664</td>\n",
       "      <td>0.681464</td>\n",
       "      <td>0.655357</td>\n",
       "      <td>0.687212</td>\n",
       "      <td>0.919113</td>\n",
       "      <td>0.914687</td>\n",
       "      <td>0.909918</td>\n",
       "      <td>0.973452</td>\n",
       "      <td>0.972611</td>\n",
       "      <td>0.963585</td>\n",
       "    </tr>\n",
       "    <tr>\n",
       "      <th>mo_sim_mean_sd_2</th>\n",
       "      <td>0.775050</td>\n",
       "      <td>0.759589</td>\n",
       "      <td>0.764598</td>\n",
       "      <td>0.944149</td>\n",
       "      <td>0.936384</td>\n",
       "      <td>0.933246</td>\n",
       "      <td>0.992965</td>\n",
       "      <td>1.000000</td>\n",
       "      <td>0.987091</td>\n",
       "      <td>0.684861</td>\n",
       "      <td>0.658663</td>\n",
       "      <td>0.690560</td>\n",
       "      <td>0.922918</td>\n",
       "      <td>0.917860</td>\n",
       "      <td>0.913070</td>\n",
       "      <td>0.968369</td>\n",
       "      <td>0.977925</td>\n",
       "      <td>0.964008</td>\n",
       "    </tr>\n",
       "    <tr>\n",
       "      <th>mo_sim_mean_sd_3</th>\n",
       "      <td>0.778587</td>\n",
       "      <td>0.762226</td>\n",
       "      <td>0.767809</td>\n",
       "      <td>0.940275</td>\n",
       "      <td>0.930498</td>\n",
       "      <td>0.930720</td>\n",
       "      <td>0.986664</td>\n",
       "      <td>0.987091</td>\n",
       "      <td>1.000000</td>\n",
       "      <td>0.687516</td>\n",
       "      <td>0.661052</td>\n",
       "      <td>0.693411</td>\n",
       "      <td>0.918911</td>\n",
       "      <td>0.912003</td>\n",
       "      <td>0.910422</td>\n",
       "      <td>0.962233</td>\n",
       "      <td>0.966753</td>\n",
       "      <td>0.974308</td>\n",
       "    </tr>\n",
       "    <tr>\n",
       "      <th>real_1</th>\n",
       "      <td>0.872509</td>\n",
       "      <td>0.818700</td>\n",
       "      <td>0.834367</td>\n",
       "      <td>0.702858</td>\n",
       "      <td>0.703588</td>\n",
       "      <td>0.711965</td>\n",
       "      <td>0.681464</td>\n",
       "      <td>0.684861</td>\n",
       "      <td>0.687516</td>\n",
       "      <td>1.000000</td>\n",
       "      <td>0.789608</td>\n",
       "      <td>0.830046</td>\n",
       "      <td>0.719888</td>\n",
       "      <td>0.717509</td>\n",
       "      <td>0.728043</td>\n",
       "      <td>0.698968</td>\n",
       "      <td>0.697897</td>\n",
       "      <td>0.704470</td>\n",
       "    </tr>\n",
       "    <tr>\n",
       "      <th>real_2</th>\n",
       "      <td>0.797341</td>\n",
       "      <td>0.812197</td>\n",
       "      <td>0.788982</td>\n",
       "      <td>0.676737</td>\n",
       "      <td>0.678042</td>\n",
       "      <td>0.685585</td>\n",
       "      <td>0.655357</td>\n",
       "      <td>0.658663</td>\n",
       "      <td>0.661052</td>\n",
       "      <td>0.789608</td>\n",
       "      <td>1.000000</td>\n",
       "      <td>0.796989</td>\n",
       "      <td>0.694009</td>\n",
       "      <td>0.692503</td>\n",
       "      <td>0.702231</td>\n",
       "      <td>0.673618</td>\n",
       "      <td>0.672475</td>\n",
       "      <td>0.678600</td>\n",
       "    </tr>\n",
       "    <tr>\n",
       "      <th>real_3</th>\n",
       "      <td>0.852174</td>\n",
       "      <td>0.826401</td>\n",
       "      <td>0.868755</td>\n",
       "      <td>0.708056</td>\n",
       "      <td>0.709621</td>\n",
       "      <td>0.717933</td>\n",
       "      <td>0.687212</td>\n",
       "      <td>0.690560</td>\n",
       "      <td>0.693411</td>\n",
       "      <td>0.830046</td>\n",
       "      <td>0.796989</td>\n",
       "      <td>1.000000</td>\n",
       "      <td>0.725053</td>\n",
       "      <td>0.724068</td>\n",
       "      <td>0.734556</td>\n",
       "      <td>0.705004</td>\n",
       "      <td>0.703757</td>\n",
       "      <td>0.710435</td>\n",
       "    </tr>\n",
       "    <tr>\n",
       "      <th>sim_1</th>\n",
       "      <td>0.774950</td>\n",
       "      <td>0.762840</td>\n",
       "      <td>0.764621</td>\n",
       "      <td>0.975141</td>\n",
       "      <td>0.955811</td>\n",
       "      <td>0.952890</td>\n",
       "      <td>0.919113</td>\n",
       "      <td>0.922918</td>\n",
       "      <td>0.918911</td>\n",
       "      <td>0.719888</td>\n",
       "      <td>0.694009</td>\n",
       "      <td>0.725053</td>\n",
       "      <td>1.000000</td>\n",
       "      <td>0.970749</td>\n",
       "      <td>0.969955</td>\n",
       "      <td>0.936493</td>\n",
       "      <td>0.938978</td>\n",
       "      <td>0.936389</td>\n",
       "    </tr>\n",
       "    <tr>\n",
       "      <th>sim_2</th>\n",
       "      <td>0.777636</td>\n",
       "      <td>0.767414</td>\n",
       "      <td>0.768512</td>\n",
       "      <td>0.958840</td>\n",
       "      <td>0.978573</td>\n",
       "      <td>0.955405</td>\n",
       "      <td>0.914687</td>\n",
       "      <td>0.917860</td>\n",
       "      <td>0.912003</td>\n",
       "      <td>0.717509</td>\n",
       "      <td>0.692503</td>\n",
       "      <td>0.724068</td>\n",
       "      <td>0.970749</td>\n",
       "      <td>1.000000</td>\n",
       "      <td>0.966810</td>\n",
       "      <td>0.927195</td>\n",
       "      <td>0.931637</td>\n",
       "      <td>0.925129</td>\n",
       "    </tr>\n",
       "    <tr>\n",
       "      <th>sim_3</th>\n",
       "      <td>0.785605</td>\n",
       "      <td>0.774280</td>\n",
       "      <td>0.776543</td>\n",
       "      <td>0.954053</td>\n",
       "      <td>0.953713</td>\n",
       "      <td>0.976481</td>\n",
       "      <td>0.909918</td>\n",
       "      <td>0.913070</td>\n",
       "      <td>0.910422</td>\n",
       "      <td>0.728043</td>\n",
       "      <td>0.702231</td>\n",
       "      <td>0.734556</td>\n",
       "      <td>0.969955</td>\n",
       "      <td>0.966810</td>\n",
       "      <td>1.000000</td>\n",
       "      <td>0.924766</td>\n",
       "      <td>0.927917</td>\n",
       "      <td>0.926362</td>\n",
       "    </tr>\n",
       "    <tr>\n",
       "      <th>sim_mean_sd_1</th>\n",
       "      <td>0.751883</td>\n",
       "      <td>0.736292</td>\n",
       "      <td>0.741442</td>\n",
       "      <td>0.917414</td>\n",
       "      <td>0.910395</td>\n",
       "      <td>0.907079</td>\n",
       "      <td>0.973452</td>\n",
       "      <td>0.968369</td>\n",
       "      <td>0.962233</td>\n",
       "      <td>0.698968</td>\n",
       "      <td>0.673618</td>\n",
       "      <td>0.705004</td>\n",
       "      <td>0.936493</td>\n",
       "      <td>0.927195</td>\n",
       "      <td>0.924766</td>\n",
       "      <td>1.000000</td>\n",
       "      <td>0.984983</td>\n",
       "      <td>0.980828</td>\n",
       "    </tr>\n",
       "    <tr>\n",
       "      <th>sim_mean_sd_2</th>\n",
       "      <td>0.758676</td>\n",
       "      <td>0.743433</td>\n",
       "      <td>0.748361</td>\n",
       "      <td>0.925230</td>\n",
       "      <td>0.917628</td>\n",
       "      <td>0.914256</td>\n",
       "      <td>0.972611</td>\n",
       "      <td>0.977925</td>\n",
       "      <td>0.966753</td>\n",
       "      <td>0.697897</td>\n",
       "      <td>0.672475</td>\n",
       "      <td>0.703757</td>\n",
       "      <td>0.938978</td>\n",
       "      <td>0.931637</td>\n",
       "      <td>0.927917</td>\n",
       "      <td>0.984983</td>\n",
       "      <td>1.000000</td>\n",
       "      <td>0.980810</td>\n",
       "    </tr>\n",
       "    <tr>\n",
       "      <th>sim_mean_sd_3</th>\n",
       "      <td>0.759676</td>\n",
       "      <td>0.743739</td>\n",
       "      <td>0.749129</td>\n",
       "      <td>0.918626</td>\n",
       "      <td>0.909006</td>\n",
       "      <td>0.909019</td>\n",
       "      <td>0.963585</td>\n",
       "      <td>0.964008</td>\n",
       "      <td>0.974308</td>\n",
       "      <td>0.704470</td>\n",
       "      <td>0.678600</td>\n",
       "      <td>0.710435</td>\n",
       "      <td>0.936389</td>\n",
       "      <td>0.925129</td>\n",
       "      <td>0.926362</td>\n",
       "      <td>0.980828</td>\n",
       "      <td>0.980810</td>\n",
       "      <td>1.000000</td>\n",
       "    </tr>\n",
       "  </tbody>\n",
       "</table>\n",
       "</div>"
      ],
      "text/plain": [
       "                  mo_real_1  mo_real_2  mo_real_3  mo_sim_1  mo_sim_2  \\\n",
       "mo_real_1          1.000000   0.930054   0.950578  0.793921  0.793977   \n",
       "mo_real_2          0.930054   1.000000   0.941328  0.781438  0.783465   \n",
       "mo_real_3          0.950578   0.941328   1.000000  0.783213  0.784505   \n",
       "mo_sim_1           0.793921   0.781438   0.783213  1.000000  0.978059   \n",
       "mo_sim_2           0.793977   0.783465   0.784505  0.978059  1.000000   \n",
       "mo_sim_3           0.803809   0.792197   0.794527  0.975367  0.974866   \n",
       "mo_sim_mean_sd_1   0.771537   0.755444   0.760832  0.940379  0.933169   \n",
       "mo_sim_mean_sd_2   0.775050   0.759589   0.764598  0.944149  0.936384   \n",
       "mo_sim_mean_sd_3   0.778587   0.762226   0.767809  0.940275  0.930498   \n",
       "real_1             0.872509   0.818700   0.834367  0.702858  0.703588   \n",
       "real_2             0.797341   0.812197   0.788982  0.676737  0.678042   \n",
       "real_3             0.852174   0.826401   0.868755  0.708056  0.709621   \n",
       "sim_1              0.774950   0.762840   0.764621  0.975141  0.955811   \n",
       "sim_2              0.777636   0.767414   0.768512  0.958840  0.978573   \n",
       "sim_3              0.785605   0.774280   0.776543  0.954053  0.953713   \n",
       "sim_mean_sd_1      0.751883   0.736292   0.741442  0.917414  0.910395   \n",
       "sim_mean_sd_2      0.758676   0.743433   0.748361  0.925230  0.917628   \n",
       "sim_mean_sd_3      0.759676   0.743739   0.749129  0.918626  0.909006   \n",
       "\n",
       "                  mo_sim_3  mo_sim_mean_sd_1  mo_sim_mean_sd_2  \\\n",
       "mo_real_1         0.803809          0.771537          0.775050   \n",
       "mo_real_2         0.792197          0.755444          0.759589   \n",
       "mo_real_3         0.794527          0.760832          0.764598   \n",
       "mo_sim_1          0.975367          0.940379          0.944149   \n",
       "mo_sim_2          0.974866          0.933169          0.936384   \n",
       "mo_sim_3          1.000000          0.930142          0.933246   \n",
       "mo_sim_mean_sd_1  0.930142          1.000000          0.992965   \n",
       "mo_sim_mean_sd_2  0.933246          0.992965          1.000000   \n",
       "mo_sim_mean_sd_3  0.930720          0.986664          0.987091   \n",
       "real_1            0.711965          0.681464          0.684861   \n",
       "real_2            0.685585          0.655357          0.658663   \n",
       "real_3            0.717933          0.687212          0.690560   \n",
       "sim_1             0.952890          0.919113          0.922918   \n",
       "sim_2             0.955405          0.914687          0.917860   \n",
       "sim_3             0.976481          0.909918          0.913070   \n",
       "sim_mean_sd_1     0.907079          0.973452          0.968369   \n",
