,mo_real_1,mo_real_2,mo_real_3,mo_sim_1,mo_sim_2,mo_sim_3,mo_sim_mean_sd_1,mo_sim_mean_sd_2,mo_sim_mean_sd_3,mo_sim_100u_1,mo_sim_100u_2,mo_sim_100u_3,mo_sim_80c_1,mo_sim_80c_2,mo_sim_80c_3,mo_sim_100c_1,mo_sim_100c_2,mo_sim_100c_3
mo_real_1,1.0,0.9300540760726331,0.9505781461208846,0.7939219783263933,0.7939774727666469,0.8038098106368822,0.7715370774489555,0.7750500826224197,0.7785874895575579,0.7882952892386533,0.7887186010661538,0.7932326916276113,0.6887653731082463,0.669756791405031,0.6839865728776044,0.9341227128080893,0.9359986837712545,0.9350038013134403
mo_real_2,0.9300540760726331,1.0,0.9413279064506205,0.7814386761150608,0.7834659739696801,0.792197413865892,0.7554446401894062,0.7595896357741232,0.7622261400830762,0.7763366160653917,0.7772866054776176,0.7812554404614838,0.677248685058344,0.6591286944830297,0.672628147613691,0.89386588794338,0.8965301175992726,0.8945344106648236
mo_real_3,0.9505781461208846,0.9413279064506205,1.0,0.7832135052603525,0.7845056049188077,0.79452779111751,0.760832844646846,0.76459879533581,0.7678099128809053,0.7785813440841278,0.7793285536515244,0.7834670605259019,0.6794099006158266,0.6607368882121392,0.6747204571030935,0.9177686656547022,0.9199967924373796,0.9186201708683004
mo_sim_1,0.7939219783263933,0.7814386761150608,0.7832135052603525,1.0,0.9780589921154641,0.9753673072910941,0.9403795085675328,0.9441489925447643,0.9402749077243274,0.9508969161728742,0.9526531480603494,0.9493047720430522,0.8651354715999624,0.8432977840286948,0.8596596494667358,0.7764522246983013,0.7794439678406136,0.7763215835294605
mo_sim_2,0.7939774727666469,0.7834659739696801,0.7845056049188077,0.9780589921154641,1.0,0.9748657733367136,0.933168888432452,0.936383650131401,0.9304978920132148,0.9537671452264341,0.9565801188976397,0.9520823987054648,0.8596443248190302,0.8384115773557789,0.8541877779433841,0.7727531655041681,0.7755599880340409,0.7724666009825315
mo_sim_3,0.8038098106368822,0.792197413865892,0.79452779111751,0.9753673072910941,0.9748657733367136,1.0,0.9301419764376867,0.9332461140315852,0.9307202099427727,0.9450057499263871,0.9462689440391737,0.9443126226810562,0.8518899169301105,0.8295960993249002,0.8459331852720605,0.7852424135889853,0.7879710413793125,0.7849742311973807
mo_sim_mean_sd_1,0.7715370774489555,0.7554446401894062,0.760832844646846,0.9403795085675328,0.933168888432452,0.9301419764376867,1.0,0.9929653912615047,0.9866641822016836,0.9247531814810354,0.9264426753634485,0.9227280160437624,0.8944514816524253,0.8633096353762956,0.8862170561753696,0.8069061174646198,0.8026060909682907,0.8031598374576583
mo_sim_mean_sd_2,0.7750500826224197,0.7595896357741232,0.76459879533581,0.9441489925447643,0.936383650131401,0.9332461140315852,0.9929653912615047,1.0,0.987091406162196,0.9282071753291632,0.9299525797515228,0.9262575854864278,0.8928231093820154,0.8642468280534017,0.8846046048457934,0.8050516748309744,0.8071260774952472,0.8050058982877324
mo_sim_mean_sd_3,0.7785874895575579,0.7622261400830762,0.7678099128809053,0.9402749077243274,0.9304978920132148,0.9307202099427727,0.9866641822016836,0.987091406162196,1.0,0.9244450121613732,0.926029083602625,0.9223809329851498,0.8867583502451141,0.857135644208987,0.8784804555673847,0.8121704773031069,0.8106177861922597,0.811490282465002
mo_sim_100u_1,0.7882952892386533,0.7763366160653917,0.7785813440841278,0.9508969161728742,0.9537671452264341,0.9450057499263871,0.9247531814810354,0.9282071753291632,0.9244450121613732,1.0,0.9924439109971037,0.990747415037508,0.8571081755727523,0.8401739838152787,0.8527773606609578,0.7818174300530366,0.7846409147323945,0.7814508235755586
mo_sim_100u_2,0.7887186010661538,0.7772866054776176,0.7793285536515244,0.9526531480603494,0.9565801188976397,0.9462689440391737,0.9264426753634485,0.9299525797515228,0.926029083602625,0.9924439109971037,1.0,0.9890466511799307,0.8586563994336948,0.8417286465602989,0.8543386518950452,0.7819685158509833,0.784788827953453,0.7816160522424724
mo_sim_100u_3,0.7932326916276113,0.7812554404614838,0.7834670605259019,0.9493047720430522,0.9520823987054648,0.9443126226810562,0.9227280160437624,0.9262575854864278,0.9223809329851498,0.990747415037508,0.9890466511799307,1.0,0.8551969686523482,0.8384668380239608,0.8510311913951248,0.7867715129644228,0.7895610156649808,0.786387903838452
mo_sim_80c_1,0.6887653731082463,0.677248685058344,0.6794099006158266,0.8651354715999624,0.8596443248190302,0.8518899169301105,0.8944514816524253,0.8928231093820154,0.8867583502451141,0.8571081755727523,0.8586563994336948,0.8551969686523482,1.0,0.9600522434340966,0.9868037581194185,0.7192279493690403,0.716405800030734,0.7169941484638492
mo_sim_80c_2,0.669756791405031,0.6591286944830297,0.6607368882121392,0.8432977840286948,0.8384115773557789,0.8295960993249002,0.8633096353762956,0.8642468280534017,0.857135644208987,0.8401739838152787,0.8417286465602989,0.8384668380239608,0.9600522434340966,1.0,0.9706804786623515,0.6954432649862544,0.694764439512256,0.6946619107917904
mo_sim_80c_3,0.6839865728776044,0.672628147613691,0.6747204571030935,0.8596596494667358,0.8541877779433841,0.8459331852720605,0.8862170561753696,0.8846046048457934,0.8784804555673847,0.8527773606609578,0.8543386518950452,0.8510311913951248,0.9868037581194185,0.9706804786623515,1.0,0.7138826265965985,0.7104003039785869,0.7109140246259247
mo_sim_100c_1,0.9341227128080893,0.89386588794338,0.9177686656547022,0.7764522246983013,0.7727531655041681,0.7852424135889853,0.8069061174646198,0.8050516748309744,0.8121704773031069,0.7818174300530366,0.7819685158509833,0.7867715129644228,0.7192279493690403,0.6954432649862544,0.7138826265965985,1.0,0.9916925071862829,0.9926312251065734
mo_sim_100c_2,0.9359986837712545,0.8965301175992726,0.9199967924373796,0.7794439678406136,0.7755599880340409,0.7879710413793125,0.8026060909682907,0.8071260774952472,0.8106177861922597,0.7846409147323945,0.784788827953453,0.7895610156649808,0.716405800030734,0.694764439512256,0.7104003039785869,0.9916925071862829,1.0,0.992603968640124
mo_sim_100c_3,0.9350038013134403,0.8945344106648236,0.9186201708683004,0.7763215835294605,0.7724666009825315,0.7849742311973807,0.8031598374576583,0.8050058982877324,0.811490282465002,0.7814508235755586,0.7816160522424724,0.786387903838452,0.7169941484638492,0.6946619107917904,0.7109140246259247,0.9926312251065734,0.992603968640124,1.0
