,mo_real_1,mo_real_2,mo_real_3,mo_sim_1,mo_sim_2,mo_sim_3,mo_sim_mean_sd_1,mo_sim_mean_sd_2,mo_sim_mean_sd_3,real_1,real_2,real_3,sim_1,sim_2,sim_3,sim_mean_sd_1,sim_mean_sd_2,sim_mean_sd_3
mo_real_1,1.0,0.9300540789159025,0.9505781185011855,0.793921273258313,0.793976717949205,0.8038091302444077,0.7715365456542268,0.7750495036923887,0.7785869492711771,0.872509427000444,0.7973407111956126,0.852173859012614,0.774950027532022,0.7776357012934849,0.7856048253225167,0.7518831551799406,0.758676352387266,0.7596755057965714
mo_real_2,0.9300540789159025,1.0,0.9413278198655123,0.7814381910465755,0.7834653740291888,0.7921969170123343,0.7554443334649272,0.7595892857141928,0.7622258269451148,0.8186998019355927,0.8121966180092511,0.8264005067366664,0.7628398180383287,0.7674139549804545,0.774279860067097,0.7362918832289239,0.7434330147099337,0.7437386171592832
mo_real_3,0.9505781185011855,0.9413278198655123,1.0,0.7832129023769968,0.784504913889079,0.7945271762567282,0.7608324264186133,0.7645983301527354,0.7678094847245257,0.8343671317594964,0.7889823907046444,0.8687546892970422,0.7646209477498953,0.7685116619356349,0.7765425331118111,0.7414422221362187,0.748360632856387,0.7491285614651757
mo_sim_1,0.793921273258313,0.7814381910465755,0.7832129023769968,1.0,0.978058942398256,0.9753672399513706,0.9403794251641957,0.9441489016550196,0.9402748095178385,0.7028582828497436,0.6767367942971404,0.7080564313813623,0.9751411535883142,0.9588401135097514,0.9540529162575211,0.9174144350520675,0.9252298694574611,0.9186256133469854
mo_sim_2,0.793976717949205,0.7834653740291888,0.784504913889079,0.978058942398256,1.0,0.9748656876491822,0.9331688364224132,0.9363835890712106,0.9304978187757404,0.7035881255018184,0.6780422822984813,0.7096206517403819,0.9558112734111347,0.9785729720793791,0.9537126273123293,0.9103949350650994,0.9176278348423995,0.9090062602754297
mo_sim_3,0.8038091302444077,0.7921969170123343,0.7945271762567282,0.9753672399513706,0.9748656876491822,1.0,0.9301419062836509,0.9332460340260335,0.9307201366776685,0.7119652370391357,0.685584977346158,0.7179329162562499,0.9528900613073578,0.9554049789254258,0.9764812546935071,0.9070792655630758,0.9142562094583362,0.9090189602864597
mo_sim_mean_sd_1,0.7715365456542268,0.7554443334649272,0.7608324264186133,0.9403794251641957,0.9331688364224132,0.9301419062836509,1.0,0.9929653684117657,0.9866641413578839,0.6814636654138856,0.6553572476684622,0.687212342281776,0.9191132802157684,0.914686743595792,0.9099183713819948,0.9734524887198791,0.9726106237413811,0.963585098291282
mo_sim_mean_sd_2,0.7750495036923887,0.7595892857141928,0.7645983301527354,0.9441489016550196,0.9363835890712106,0.9332460340260335,0.9929653684117657,1.0,0.9870913637776406,0.6848610030196168,0.6586625714090796,0.6905596857608237,0.9229177581379158,0.917859726786056,0.9130704120501099,0.968369337740919,0.9779249923503394,0.9640078394595071
mo_sim_mean_sd_3,0.7785869492711771,0.7622258269451148,0.7678094847245257,0.9402748095178385,0.9304978187757404,0.9307201366776685,0.9866641413578839,0.9870913637776406,1.0,0.6875161718265125,0.6610524072909596,0.6934112519704984,0.918911345156603,0.9120028283317617,0.9104217397646721,0.9622334281698723,0.9667532889274613,0.9743083016276606
real_1,0.872509427000444,0.8186998019355927,0.8343671317594964,0.7028582828497436,0.7035881255018184,0.7119652370391357,0.6814636654138856,0.6848610030196168,0.6875161718265125,1.0,0.7896078632648349,0.8300456723972307,0.7198878915877622,0.7175093391576282,0.728042640618082,0.6989676664609475,0.6978966537970231,0.7044701561381328
real_2,0.7973407111956126,0.8121966180092511,0.7889823907046444,0.6767367942971404,0.6780422822984813,0.685584977346158,0.6553572476684622,0.6586625714090796,0.6610524072909596,0.7896078632648349,1.0,0.7969887547880753,0.6940090848668038,0.6925025711982675,0.7022308197946348,0.6736177710580988,0.6724753394163535,0.6785997316452262
real_3,0.852173859012614,0.8264005067366664,0.8687546892970422,0.7080564313813623,0.7096206517403819,0.7179329162562499,0.687212342281776,0.6905596857608237,0.6934112519704984,0.8300456723972307,0.7969887547880753,1.0,0.7250525056413208,0.7240684058995477,0.7345560987490273,0.7050037936262447,0.7037574666204781,0.710434615640568
sim_1,0.774950027532022,0.7628398180383287,0.7646209477498953,0.9751411535883142,0.9558112734111347,0.9528900613073578,0.9191132802157684,0.9229177581379158,0.918911345156603,0.7198878915877622,0.6940090848668038,0.7250525056413208,1.0,0.9707492367853399,0.9699549821184998,0.9364930556813802,0.9389778504630877,0.9363888557512902
sim_2,0.7776357012934849,0.7674139549804545,0.7685116619356349,0.9588401135097514,0.9785729720793791,0.9554049789254258,0.914686743595792,0.917859726786056,0.9120028283317617,0.7175093391576282,0.6925025711982675,0.7240684058995477,0.9707492367853399,1.0,0.9668102801342017,0.9271947015200719,0.9316371548118085,0.9251288748067321
sim_3,0.7856048253225167,0.774279860067097,0.7765425331118111,0.9540529162575211,0.9537126273123293,0.9764812546935071,0.9099183713819948,0.9130704120501099,0.9104217397646721,0.728042640618082,0.7022308197946348,0.7345560987490273,0.9699549821184998,0.9668102801342017,1.0,0.9247664069860332,0.9279172821839431,0.9263618191426133
sim_mean_sd_1,0.7518831551799406,0.7362918832289239,0.7414422221362187,0.9174144350520675,0.9103949350650994,0.9070792655630758,0.9734524887198791,0.968369337740919,0.9622334281698723,0.6989676664609475,0.6736177710580988,0.7050037936262447,0.9364930556813802,0.9271947015200719,0.9247664069860332,1.0,0.9849830381334617,0.9808282360730345
sim_mean_sd_2,0.758676352387266,0.7434330147099337,0.748360632856387,0.9252298694574611,0.9176278348423995,0.9142562094583362,0.9726106237413811,0.9779249923503394,0.9667532889274613,0.6978966537970231,0.6724753394163535,0.7037574666204781,0.9389778504630877,0.9316371548118085,0.9279172821839431,0.9849830381334617,1.0,0.980809669407839
sim_mean_sd_3,0.7596755057965714,0.7437386171592832,0.7491285614651757,0.9186256133469854,0.9090062602754297,0.9090189602864597,0.963585098291282,0.9640078394595071,0.9743083016276606,0.7044701561381328,0.6785997316452262,0.710434615640568,0.9363888557512902,0.9251288748067321,0.9263618191426133,0.9808282360730345,0.980809669407839,1.0
