,mo_real_1,mo_real_2,mo_real_3,mo_sim_1,mo_sim_2,mo_sim_3,mo_sim_mean_sd_1,mo_sim_mean_sd_2,mo_sim_mean_sd_3,real_1,real_2,real_3,sim_1,sim_2,sim_3,sim_mean_sd_1,sim_mean_sd_2,sim_mean_sd_3
mo_real_1,1.0,0.8546343621397776,0.8771243430949278,0.6958176295453038,0.6450920063604357,0.6626880403459173,0.7673521270585499,0.7563411825025851,0.7633189804688694,0.7623207460571574,0.6738100267825677,0.6857267790301141,0.6821896060066819,0.6352442657281793,0.6469867796434434,0.7268234123749945,0.7279775603574967,0.7263751898684357
mo_real_2,0.8546343621397776,1.0,0.9511975996738564,0.6949671772046769,0.6674804196781844,0.6787625336229535,0.7677445706813868,0.7480665452888166,0.7591165708453501,0.7014568115369468,0.681397905699815,0.6693134710794454,0.7041514206818827,0.6621385853422469,0.6732471646431866,0.7402676078108935,0.7250315377484713,0.7334275637934725
mo_real_3,0.8771243430949278,0.9511975996738564,1.0,0.6892403237330144,0.6531940944517605,0.6752002318535375,0.7679423572835985,0.7491819343298255,0.7606365764564709,0.710144583819746,0.6767622487565202,0.6914489889476504,0.6939796512896104,0.6474963615577758,0.6674854684341036,0.7373891298371257,0.7251036252825641,0.7325330315275514
mo_sim_1,0.6958176295453038,0.6949671772046769,0.6892403237330144,1.0,0.968300704010299,0.9787930409584558,0.8998379696242699,0.903984061707873,0.9025325688926791,0.5314351770038042,0.4825576653894584,0.47567478733483237,0.9245868502397179,0.9341450049407954,0.9223307004625182,0.8302070853598748,0.8603791402474733,0.8393476155831472
mo_sim_2,0.6450920063604357,0.6674804196781844,0.6531940944517605,0.968300704010299,1.0,0.9861583067987609,0.8308756740290749,0.8358953105613446,0.8330095141578066,0.4910178447376468,0.4442575996733257,0.43773368587301464,0.887573610063228,0.9606368510286288,0.9238174243793335,0.7640010361204309,0.7928876184360424,0.7718847533359895
mo_sim_3,0.6626880403459173,0.6787625336229535,0.6752002318535375,0.9787930409584558,0.9861583067987609,1.0,0.8558727378965534,0.8596514558375389,0.8584451231044755,0.5104005300295743,0.465869064085678,0.45966725056411895,0.9048988494716445,0.9505930362626226,0.9413541006498436,0.7909665969236507,0.8177940399797401,0.7985470325970426
mo_sim_mean_sd_1,0.7673521270585499,0.7677445706813868,0.7679423572835985,0.8998379696242699,0.8308756740290749,0.8558727378965534,1.0,0.9945183213177725,0.9973291433031831,0.6034497476291022,0.5549086302230922,0.548214823608863,0.8569702930496286,0.8098291860722386,0.820766280866191,0.931703199718942,0.9502633583769419,0.9359806351165486
mo_sim_mean_sd_2,0.7563411825025851,0.7480665452888166,0.7491819343298255,0.903984061707873,0.8358953105613446,0.8596514558375389,0.9945183213177725,1.0,0.9972729568469454,0.5797714783852261,0.527464657399814,0.5207595199357807,0.846714681225635,0.8117056405049173,0.8189091222076705,0.9210158244285597,0.9530064232997791,0.9293133226904728
mo_sim_mean_sd_3,0.7633189804688694,0.7591165708453501,0.7606365764564709,0.9025325688926791,0.8330095141578066,0.8584451231044755,0.9973291433031831,0.9972729568469454,1.0,0.5932215170065839,0.5430619807035997,0.5365538059403622,0.852919232664616,0.8107838025501535,0.8210158605973975,0.9273559781592448,0.9522368737401222,0.9361184045391305
real_1,0.7623207460571574,0.7014568115369468,0.710144583819746,0.5314351770038042,0.4910178447376468,0.5104005300295743,0.6034497476291022,0.5797714783852261,0.5932215170065839,1.0,0.9743934775538151,0.9741269028979439,0.6572379681723829,0.5593635355073017,0.6006901081257847,0.7115391754552755,0.6408951096663473,0.6986206501683899
real_2,0.6738100267825677,0.681397905699815,0.6767622487565202,0.4825576653894584,0.4442575996733257,0.465869064085678,0.5549086302230922,0.527464657399814,0.5430619807035997,0.9743934775538151,1.0,0.9902375597975877,0.6220673289610918,0.514402053459622,0.5633983386807118,0.6735312048379343,0.5904473033915448,0.6576578208222917
real_3,0.6857267790301141,0.6693134710794454,0.6914489889476504,0.47567478733483237,0.43773368587301464,0.45966725056411895,0.548214823608863,0.5207595199357807,0.5365538059403622,0.9741269028979439,0.9902375597975877,1.0,0.6112405811368992,0.5063959878256858,0.5545714368870386,0.6634553677623494,0.5814860581286326,0.6477911357759534
sim_1,0.6821896060066819,0.7041514206818827,0.6939796512896104,0.9245868502397179,0.887573610063228,0.9048988494716445,0.8569702930496286,0.846714681225635,0.852919232664616,0.6572379681723829,0.6220673289610918,0.6112405811368992,1.0,0.934192777511434,0.9642599878346535,0.9036795900172261,0.8897694679871552,0.9007373854230998
sim_2,0.6352442657281793,0.6621385853422469,0.6474963615577758,0.9341450049407954,0.9606368510286288,0.9505930362626226,0.8098291860722386,0.8117056405049173,0.8107838025501535,0.5593635355073017,0.514402053459622,0.5063959878256858,0.934192777511434,1.0,0.9648946076741289,0.8172393193460321,0.8356562475426471,0.8227400658935539
sim_3,0.6469867796434434,0.6732471646431866,0.6674854684341036,0.9223307004625182,0.9238174243793335,0.9413541006498436,0.820766280866191,0.8189091222076705,0.8210158605973975,0.6006901081257847,0.5633983386807118,0.5545714368870386,0.9642599878346535,0.9648946076741289,1.0,0.8566419976240387,0.8538690514200512,0.8568917358481869
sim_mean_sd_1,0.7268234123749945,0.7402676078108935,0.7373891298371257,0.8302070853598748,0.7640010361204309,0.7909665969236507,0.931703199718942,0.9210158244285597,0.9273559781592448,0.7115391754552755,0.6735312048379343,0.6634553677623494,0.9036795900172261,0.8172393193460321,0.8566419976240387,1.0,0.9761167230383316,0.9875689879536471
sim_mean_sd_2,0.7279775603574967,0.7250315377484713,0.7251036252825641,0.8603791402474733,0.7928876184360424,0.8177940399797401,0.9502633583769419,0.9530064232997791,0.9522368737401222,0.6408951096663473,0.5904473033915448,0.5814860581286326,0.8897694679871552,0.8356562475426471,0.8538690514200512,0.9761167230383316,1.0,0.9833263931365515
sim_mean_sd_3,0.7263751898684357,0.7334275637934725,0.7325330315275514,0.8393476155831472,0.7718847533359895,0.7985470325970426,0.9359806351165486,0.9293133226904728,0.9361184045391305,0.6986206501683899,0.6576578208222917,0.6477911357759534,0.9007373854230998,0.8227400658935539,0.8568917358481869,0.9875689879536471,0.9833263931365515,1.0
