,mo_real_1,mo_real_2,mo_real_3,mo_sim_1,mo_sim_2,mo_sim_3,mo_sim_mean_sd_1,mo_sim_mean_sd_2,mo_sim_mean_sd_3,mo_sim_100u_1,mo_sim_100u_2,mo_sim_100u_3,mo_sim_80c_1,mo_sim_80c_2,mo_sim_80c_3,mo_sim_100c_1,mo_sim_100c_2,mo_sim_100c_3
mo_real_1,1.0,0.9513365600348881,0.961222729636046,0.7936185368371351,0.7834218905833865,0.7898299679602483,0.7674230586659091,0.7638977465105051,0.7694548993808015,0.782923293703477,0.7801055376785119,0.7818153591919148,0.6789046375610265,0.6600586768454583,0.6741612257561689,0.9328164213561826,0.9356472164786239,0.9337476984172257
mo_real_2,0.9513365600348881,1.0,0.9536134511154067,0.8009975482893957,0.7939452431749067,0.80009540982211,0.7736607835089347,0.7704199468579562,0.7756056452913829,0.7902268581847204,0.787210337112449,0.7890355927267101,0.6874464238155097,0.6685799096602039,0.6827483791599628,0.9191379251327111,0.922003513774765,0.919788949220877
mo_real_3,0.961222729636046,0.9536134511154067,1.0,0.7931300420613664,0.7848639333310469,0.793805610763098,0.76860198040402,0.765192862861256,0.7706787697083372,0.7837230855193077,0.7807081861258636,0.7821585266789504,0.680392010782729,0.661326011355086,0.6754277100997546,0.9308877889037681,0.9335290610501773,0.9315398036429321
mo_sim_1,0.7936185368371351,0.8009975482893957,0.7931300420613664,1.0,0.9795340324112964,0.9871169096632122,0.9383916037885313,0.9419114030872205,0.9403216019403902,0.9512510366527912,0.9561784338100677,0.9519562746785311,0.8605019025658859,0.838609693643311,0.8549157739761389,0.7656311159222637,0.7681534216453512,0.7650313695057107
mo_sim_2,0.7834218905833865,0.7939452431749067,0.7848639333310469,0.9795340324112964,1.0,0.9837847781641413,0.9320974521728637,0.9398678281646069,0.9345986908591819,0.9523235987017814,0.9583645351186472,0.9532679700630591,0.8628885435762494,0.8424782343269305,0.8576821295264865,0.7544586045882152,0.7571612941038399,0.7540873634448997
mo_sim_3,0.7898299679602483,0.80009540982211,0.793805610763098,0.9871169096632122,0.9837847781641413,1.0,0.9367184149404785,0.9413578318169892,0.9390241838270493,0.949953205751696,0.9550152131334956,0.9505913218098785,0.8601461305903205,0.8381895350337737,0.8545119047500231,0.7621594599829115,0.7652663297884784,0.7621493278916551
mo_sim_mean_sd_1,0.7674230586659091,0.7736607835089347,0.76860198040402,0.9383916037885313,0.9320974521728637,0.9367184149404785,1.0,0.9873058655369159,0.9965537147100234,0.9212593941570957,0.9246473689017999,0.9233483723584652,0.8859150266899222,0.8540659697048832,0.8778075101369625,0.8037314990430943,0.7993732553589845,0.7996674517580691
mo_sim_mean_sd_2,0.7638977465105051,0.7704199468579562,0.765192862861256,0.9419114030872205,0.9398678281646069,0.9413578318169892,0.9873058655369159,1.0,0.9889733540377276,0.9248794004156062,0.928264013980974,0.9268679287804364,0.8910282490099131,0.860579556453597,0.882635535877416,0.7942020038467323,0.7959699660841624,0.7937090409198081
mo_sim_mean_sd_3,0.7694548993808015,0.7756056452913829,0.7706787697083372,0.9403216019403902,0.9345986908591819,0.9390241838270493,0.9965537147100234,0.9889733540377276,1.0,0.9234755618619478,0.9268665035280824,0.925466153953349,0.8854009932384452,0.855547480170365,0.8772580263092133,0.8022512987491511,0.8009036434360332,0.8014811244282186
mo_sim_100u_1,0.782923293703477,0.7902268581847204,0.7837230855193077,0.9512510366527912,0.9523235987017814,0.949953205751696,0.9212593941570957,0.9248794004156062,0.9234755618619478,1.0,0.9896878337582724,0.9950783157019601,0.8507759321850384,0.8338406052777685,0.8464636032239847,0.7761517269708592,0.7790392607385914,0.7756736425032665
mo_sim_100u_2,0.7801055376785119,0.787210337112449,0.7807081861258636,0.9561784338100677,0.9583645351186472,0.9550152131334956,0.9246473689017999,0.928264013980974,0.9268665035280824,0.9896878337582724,1.0,0.9900211539529518,0.8536562607514941,0.8366348563821762,0.8493555855091842,0.7716207942855369,0.7744820559678143,0.7711470164624377
mo_sim_100u_3,0.7818153591919148,0.7890355927267101,0.7821585266789504,0.9519562746785311,0.9532679700630591,0.9505913218098785,0.9233483723584652,0.9268679287804364,0.925466153953349,0.9950783157019601,0.9900211539529518,1.0,0.8525017929189689,0.8355198877412391,0.8481064960745606,0.7763346435121997,0.7792150213949041,0.7758592366573156
mo_sim_80c_1,0.6789046375610265,0.6874464238155097,0.680392010782729,0.8605019025658859,0.8628885435762494,0.8601461305903205,0.8859150266899222,0.8910282490099131,0.8854009932384452,0.8507759321850384,0.8536562607514941,0.8525017929189689,1.0,0.9587950879233477,0.9870793327885907,0.7098568900728427,0.7066423307922686,0.7071389931403923
mo_sim_80c_2,0.6600586768454583,0.6685799096602039,0.661326011355086,0.838609693643311,0.8424782343269305,0.8381895350337737,0.8540659697048832,0.860579556453597,0.855547480170365,0.8338406052777685,0.8366348563821762,0.8355198877412391,0.9587950879233477,1.0,0.9697923254618566,0.6858680150262929,0.6849178414283793,0.6848217437568204
mo_sim_80c_3,0.6741612257561689,0.6827483791599628,0.6754277100997546,0.8549157739761389,0.8576821295264865,0.8545119047500231,0.8778075101369625,0.882635535877416,0.8772580263092133,0.8464636032239847,0.8493555855091842,0.8481064960745606,0.9870793327885907,0.9697923254618566,1.0,0.7044118457191227,0.7004603658791666,0.7010422444712282
mo_sim_100c_1,0.9328164213561826,0.9191379251327111,0.9308877889037681,0.7656311159222637,0.7544586045882152,0.7621594599829115,0.8037314990430943,0.7942020038467323,0.8022512987491511,0.7761517269708592,0.7716207942855369,0.7763346435121997,0.7098568900728427,0.6858680150262929,0.7044118457191227,1.0,0.9922588389052545,0.9931677153720522
mo_sim_100c_2,0.9356472164786239,0.922003513774765,0.9335290610501773,0.7681534216453512,0.7571612941038399,0.7652663297884784,0.7993732553589845,0.7959699660841624,0.8009036434360332,0.7790392607385914,0.7744820559678143,0.7792150213949041,0.7066423307922686,0.6849178414283793,0.7004603658791666,0.9922588389052545,1.0,0.9931310780215449
mo_sim_100c_3,0.9337476984172257,0.919788949220877,0.9315398036429321,0.7650313695057107,0.7540873634448997,0.7621493278916551,0.7996674517580691,0.7937090409198081,0.8014811244282186,0.7756736425032665,0.7711470164624377,0.7758592366573156,0.7071389931403923,0.6848217437568204,0.7010422444712282,0.9931677153720522,0.9931310780215449,1.0
